[480, 336, 212, 207, 214, 268, 198, 370, 826, 890, 198, 254, 264, 252, 276, 515, 225, 636, 132, 416, 274, 326, 384, 392, 432, 733, 622, 485, 303, 276, 276, 977, 691, 995, 433, 963, 545, 979, 257, 947, 314, 212, 358, 239, 285, 351, 854, 654, 911, 255]
50
number of points before
255 911 654 854 351 285 239 358 212 314 947 257 979 545 963 433 995 691 977 276 276 303 485 622 733 432 392 384 326 274 416 132 636 225 515 276 252 264 254 198 890 826 370 198 268 214 207 212 336 480 wvrg
distance 250
911 474
distance 650
654 559
distance 50
854 519
distance 800
351 351
distance 275
285 285
distance 150
239 239
distance 250
358 238
distance 150
212 187
distance 100
314 229
distance 500
947 434
distance 175
257 218
distance 75
979 240
distance 675
545 456
distance 75
963 394
distance 150
433 365
distance 75
995 399
distance 175
691 608
distance 25
977 612
distance 75
276 221
distance 650
276 276
distance 50
303 289
distance 50
485 288
distance 125
622 303
distance 75
733 329
distance 0
432 223
distance 75
392 225
distance 75
384 236
distance 25
326 233
distance 1050
274 274
distance 225
416 356
distance 100
132 95
distance 150
636 129
distance 525
225 125
distance 850
515 419
distance 1225
276 276
distance 475
252 252
distance 825
264 264
distance 350
254 122
distance 75
198 128
distance 375
890 424
distance 25
826 430
distance 100
370 219
distance 1600
198 198
distance 75
268 220
distance 275
214 176
distance 475
207 207
distance 275
212 212
distance 500
336 289
distance 75
480 336
number of points after
255 474 559 519 351 285 239 238 187 229 434 218 240 456 394 365 399 608 612 221 276 289 288 303 329 223 225 236 233 274 356 95 129 125 419 276 252 264 122 128 424 430 219 198 220 176 207 212 289 336 count
[18672, 93955, 6615, 62036, 16182, 7849, 10455, 6135, 4172, 30797, 8664, 4023, 30999, 6355, 10446, 6507, 19883, 4696, 3478, 25159, 3628, 3500, 8381, 5923, 223, 4381, 4526, 1859, 46674, 15352, 2066, 2583, 5033, 26495, 90303, 22154, 48859, 7609, 1779, 15575, 3390, 5642, 36646, 3580, 8000, 17010, 9072, 21676, 5635]
1.0
0.520307354555
0.854740061162
0.607728337237
1.0
1.0
1.0
0.664804469274
0.882075471698
0.729299363057
0.458289334741
0.848249027237
0.245148110317
0.836697247706
0.409138110073
0.842956120092
0.401005025126
0.87988422576
0.626407369498
0.800724637681
1.0
0.953795379538
0.59381443299
0.487138263666
0.448840381992
0.516203703704
0.573979591837
0.614583333333
0.71472392638
1.0
0.855769230769
0.719696969697
0.202830188679
0.555555555556
0.81359223301
1.0
1.0
1.0
0.48031496063
0.646464646465
0.476404494382
0.520581113801
0.591891891892
1.0
0.820895522388
0.822429906542
1.0
1.0
0.860119047619
0.7
0.202830188679 1.0 0.731541580802 0.765012000369 ModeResult(mode=array([ 1.]), count=array([12]))
