panujs-mbp:~ anujdimri$ python distance_small_5feb.py 
[165, 248, 213, 350, 271, 179, 189, 216, 208, 840, 279, 594, 294, 301, 401, 407, 284, 264, 260, 263, 262, 213, 294, 423, 898, 314, 557, 421, 443, 798, 803, 371, 539, 333, 647, 268, 244, 198, 173, 198, 234, 707, 864, 236, 213, 204]
46
number of points before
204 213 236 864 707 234 198 173 198 244 268 647 333 539 371 803 798 443 421 557 314 898 423 294 213 262 263 260 264 284 407 401 301 294 594 279 840 208 216 189 179 271 350 213 248 165 wvrg
distance 450
213 187
distance 250
236 224
distance 175
864 269
distance 500
707 415
distance 75
234 180
distance 725
198 198
distance 150
173 173
distance 975
198 198
distance 125
244 241
distance 100
268 265
distance 150
647 273
distance 200
333 324
distance 75
539 296
distance 100
371 340
distance 200
803 530
distance 575
798 798
distance 25
443 329
distance 125
421 323
distance 425
557 457
distance 75
314 196
distance 1050
898 898
distance 1050
423 423
distance 225
294 294
distance 375
213 213
distance 100
262 249
distance 25
263 255
distance 325
260 260
distance 375
264 264
distance 125
284 284
distance 750
407 407
distance 150
401 401
distance 175
301 301
distance 725
294 294
distance 175
594 329
distance 600
279 265
distance 50
840 231
distance 1875
208 208
distance 975
216 216
distance 100
189 145
distance 0
179 98
distance 150
271 150
distance 100
350 184
distance 150
213 124
distance 200
248 124
distance 100
165 92
number of points after
204 187 224 269 415 180 198 173 198 241 265 273 324 296 340 530 798 329 323 457 196 898 423 294 213 249 255 260 264 284 407 401 301 294 329 265 231 208 216 145 98 150 184 124 124 92 count
[15907, 9116, 7463, 26297, 3274, 17394, 5863, 22020, 5490, 6105, 7150, 11602, 4855, 6839, 15920, 87763, 2622, 8442, 35803, 3943, 107280, 186544, 16703, 16945, 5960, 2000, 20274, 21326, 7193, 58034, 13823, 11521, 46787, 9991, 23685, 2740, 41468, 31189, 2184, 98, 3727, 4174, 4779, 6014, 2703]
1.0
0.8779342723
0.949152542373
0.311342592593
0.586987270156
0.769230769231
1.0
1.0
1.0
0.987704918033
0.988805970149
0.421947449768
0.972972972973
0.549165120594
0.916442048518
0.6600249066
1.0
0.742663656885
0.767220902613
0.820466786355
0.624203821656
1.0
1.0
1.0
1.0
0.950381679389
0.969581749049
1.0
1.0
1.0
1.0
1.0
1.0
1.0
0.553872053872
0.94982078853
0.275
1.0
1.0
0.767195767196
0.54748603352
0.553505535055
0.525714285714
0.582159624413
0.5
0.557575757576
0.275 1.0 0.819099114676 0.95010123396 ModeResult(mode=array([ 1.]), count=array([18]))