"/Users/anujdimri/Random-Delay-and-Indirections/Exampleall_19apr300m_rd11-20_05_innercity_realtimetest_up.txt"

inner city 300m morning
total 20+18+2 users done
7th is missing




total_before_length=[[5351.927554631497,
  1012.4877206328985,
  6158.987535646909,
  5007.323467479791,
  6156.55517441202,
  7218.19864362791,
  8831.83283400021,
  7493.121610785813,
  5650.001704371163,
  3651.7124835337645],
 [9815.185058654204,
  9949.183403633704,
  10226.724506731976,
  4920.437650077987,
  4191.384269840325,
  650.7989100277657,
  2298.0040499540078,
  521.3217389258291],
 [2442.4259538527094,
  2298.0040499540078,
  4106.098009881361,
  2675.5975244382994,
  3178.379212670469,
  5315.616250386551,
  3389.4839467681018,
  2917.089889043802],
 [4202.90918607051,
  3271.762385527112,
  5545.394463374591,
  5080.000723253747,
  6946.997860880926,
  7197.488163736425,
  9709.790750655753,
  7368.611452951954],
  [13387.946253717064,
  6533.350520604136,
  9559.572333152199,
  7500.273094002544,
  6853.478375338305,
  7235.406855016246,
  7948.981571119852],
 [6771.842634627122,
  7295.324054900709,
  4515.255029002678,
  3941.9205324912054,
  6625.4800992350065,
  3672.6427503032364,
  2411.5014127255768],
  [9424.56769549062,
  7955.281647087856,
  3158.76558425983,
  7431.016650693902,
  6785.057095793447,
  7711.080977869653,
  7391.767076258495],
 [7798.606071928678,
  15747.567885383582,
  21240.213487936227,
  3598.4143004061375,
  4790.159807770447,
  4288.120490712277,
  4528.353115518444],
 [8461.18768865973,
  5793.360088701206,
  8935.79366282787,
  4821.3286112272535,
  5297.923275682118,
  5276.975319325457,
  7711.080977869653],
 [2679.4885264617265,
  4395.175849424855,
  7009.036676997203,
  4110.549898887882,
  1276.4042847897445,
  2605.6110782740534],
 [6754.860468142162,
  18820.63962440213,
  2360.206390163489,
  1317.8874620713655,
  2360.206390163489,
  6189.354678106464],
  [8183.328500482655,
  16119.185840706145,
  10293.221795477659,
  19595.044984010336,
  2946.731420849719,
  1292.9512661809904],
 [5312.958835290872,
  4756.866185702681,
  3016.2881489704546,
  5049.556567206565,
  1880.063476926832,
  3035.6812349590105],
 [4554.406178320209,
  4040.8471447857446,
  2200.04237448242,
  3296.2705447772773,
  3440.369274766263,
  6155.769490294842],
 [7765.852938693562,
  6673.648357314466,
  4435.243711522998,
  2630.90787542033,
  1788.2068217059875,
  2317.028853544709],
 [5815.317070186148,
  2179.021671682381,
  6968.752796504183,
  7414.416419132336,
  5257.93443603491,
  7635.199385179147],
  [3217.821132485297,
  6892.450074125956,
  4807.4534800245865,
  7423.560741418414,
  3118.0117489559466,
  3241.6059401350058],
 [2807.5806063802415,
  3653.7452990560228,
  5153.461965985452,
  7466.508417772086,
  5550.355522253223,
  6774.173654047812],
 [3015.9633666040168,
  2353.42964735186,
  2870.662786674473,
  526.9871123210218,
  2657.219911325082,
  2769.9443975217755],
  [9270.754691609918,
  4318.653088729297,
  5019.512555810883,
  3555.8192564835335,
  650.7989100277657],
 [2657.219911325082,
  6440.17235023861,
  8024.904293332918,
  5175.9898547505645,
  3328.668284141905],
 [6797.488685001445,
  4807.4534800245865,
  4916.495896286443,
  8639.092097804596,
  7195.810373152938],
 [1229.102712404464,
  738.9088686841576,
  4622.709162495833,
  2654.220442414297,
  6210.6379541925735],
 [6031.197462756894,
  5736.6152959806195,
  4316.681310564423,
  7462.595251527819,
  3525.461680819413],
 [3531.2369460362343,
  4170.145049946666,
  6797.488685001445,
  1671.2734074106786,
  7279.553715655649],
 [3535.303430383695,
  6673.648357314466,
  5811.035613752026,
  1271.0805011068696,
  1849.2360380611558],
  [6158.733370155665,
  3034.444045226666,
  5175.9898547505645,
  8199.911527576869,
  3486.3653583325186],
 [7901.884297403438,
  7007.311028586069,
  3481.452618711429,
  3254.755764300002,
  1690.156911356157],
 [1928.9802469442038,
  5484.1277340569995,
  8920.353500478277,
  4449.859319949624,
  4212.193144637601],
 [4097.759526447807,
  5015.968575820675,
  3755.58409269789,
  6017.339553781565,
  7221.501760474178],
 [4699.324680156291,
  2883.4768163725344,
  1507.4420620562742,
  1625.6188241819484,
  2679.4885264617265],
 [8291.84747376465,
  4103.092473007313,
  3277.2916266853395,
  3341.7319278303817,
  1229.102712404464],
 [1526.1567502780604,
  3111.9652643512527,
  2427.216533375095,
  935.3982156829524,
  1983.201461705061],
 [1564.7297412939593,
  2033.071176414222,
  4038.094735474406,
  2282.6135930471314,
  6065.505239936514],
  [5888.570864034928,
  5518.270799091213,
  4466.504367613144,
  4853.731410255278,
  6001.166787560696],
 [8238.216512985011,
  1598.483487846751,
  4345.6354814520855,
  3372.959204887178,
  3216.8906180076033],
 [10576.17482849955,
  6889.070924912025,
  17367.298440852093,
  6506.46398062235,
  6158.987535646907],
  [6742.39602815374,
  2214.375987146027,
  3862.12993865951,
  2898.826802430254,
  7716.934401709271],
 [3296.2705447772773,
  5855.9163100154465,
  3850.07238975561,
  2673.8777607226043,
  3219.4487096844023],
  [7951.597542515002,
  7225.867065350881,
  1041.4979492509992,
  2564.193651143586,
  2454.0900892463587],
 [22499.84155523381,
  10332.438350926144,
  4342.2413927678745,
  4212.193144637601,
  3737.416987023344],
 [6116.842062288507,
  3554.1768035731207,
  4350.039710248687,
  2630.90787542033,
  1050.0068372131482],
 [2726.0455482464345,
  7680.076400478348,
  8505.454108592854,
  4316.681310564423,
  6037.890185409437],
 [4640.720859674836,
  4309.242274860684,
  5367.0583583064035,
  5852.1173239570935,
  4407.779969226687],
 [6189.185049499754,
  2494.1656554621986,
  5037.820179940576,
  6758.696039874148,
  6391.176288829102],
 [1376.634951260381,
  1407.064022047565,
  3380.0887280370102,
  7711.080977869653,
  1229.102712404464],
 [5015.816303590255,
  7635.199385179147,
  1317.8874620713655,
  6367.752284922246,
  5929.150845618211],
 [4526.8956656804985,
  4040.8471447857446,
  2408.9686552790336,
  2019.8442733827437,
  6752.270663240216]]


total_before_street=[[56, 7, 67, 54, 75, 81, 103, 93, 64, 41],
 [104, 105, 107, 62, 55, 8, 16, 2],
 [20, 16, 39, 27, 31, 69, 34, 31],
 [39, 32, 59, 56, 75, 87, 105, 88],
 [147, 73, 96, 81, 86, 93, 96],
 [80, 90, 44, 43, 73, 40, 15],
 [107, 84, 32, 65, 59, 81, 78],
 [92, 180, 240, 36, 58, 49, 59],
 [99, 57, 102, 63, 70, 48, 81],
 [46, 42, 76, 47, 26, 16],
 [72, 205, 25, 12, 25, 76],
 [92, 168, 122, 208, 45, 20],
 [61, 51, 38, 47, 36, 28],
 [49, 46, 32, 43, 25, 55],
 [86, 64, 45, 26, 20, 26],
 [65, 16, 72, 75, 49, 84],
 [26, 71, 50, 91, 34, 36],
 [28, 51, 62, 80, 51, 73],
 [21, 19, 44, 4, 47, 37],
 [111, 50, 58, 32, 8],
 [47, 77, 87, 58, 27],
 [73, 50, 52, 106, 91],
 [8, 9, 59, 26, 67],
 [65, 65, 49, 77, 31],
 [38, 46, 73, 29, 84],
 [35, 64, 68, 14, 17],
 [63, 37, 58, 105, 31],
 [92, 76, 42, 30, 13],
 [16, 63, 106, 50, 42],
 [47, 51, 36, 63, 81],
 [52, 28, 22, 23, 46],
 [100, 44, 31, 31, 8],
 [11, 33, 18, 20, 16],
 [15, 25, 38, 21, 68],
 [67, 52, 46, 49, 66],
 [96, 19, 38, 31, 34],
 [118, 75, 197, 58, 67],
 [76, 22, 38, 28, 54],
 [43, 68, 50, 46, 39],
 [93, 98, 11, 17, 19],
 [236, 121, 57, 42, 52],
 [70, 40, 45, 26, 5],
 [21, 79, 94, 49, 69],
 [51, 49, 62, 56, 42],
 [70, 27, 55, 66, 68],
 [14, 28, 30, 81, 8],
 [43, 84, 12, 68, 52],
 [61, 46, 34, 21, 80]]






total_after_length=[[2793.1190845341976,
  1012.4877206328985,
  5996.750370081512,
  5007.323467479791,
  6156.55517441202,
  7218.19864362791,
  8831.83283400021,
  7324.236792879374,
  5650.001704371163,
  3651.7124835337645],
 [8694.927489866783,
  8800.368273028515,
  10226.724506731976,
  4649.109109515125,
  4191.384269840325,
  650.7989100277657,
  2298.0040499540078,
  521.3217389258291],
 [2442.4259538527094,
  646.2229246196434,
  1315.0521606401696,
  2675.5975244382994,
  2430.8747451427544,
  5315.616250386551,
  3389.4839467681018,
  2917.089889043802],
 [4202.90918607051,
  3271.762385527112,
  4927.988730691465,
  5080.000723253747,
  3039.8853728056934,
  7197.488163736425,
  9709.790750655753,
  7368.611452951954],
  [8406.10521089007,
  2198.594725426385,
  7243.444123035116,
  5457.925553472783,
  6853.478375338305,
  7235.406855016246,
  7948.981571119852],
 [6771.842634627122,
  7295.324054900709,
  1889.0596284543085,
  3941.9205324912054,
  1525.0400348846335,
  474.1167715223069,
  2411.5014127255768],
 [104.26831388068601,
  269.476874496008,
  496.1104496924252,
  7431.016650693902,
  6785.057095793447,
  7711.080977869653,
  7391.767076258495],
 [6439.034394739598,
  5761.488178076517,
  3579.3498707175922,
  1790.8628623023023,
  3688.3749152241694,
  3877.0903743877593,
  4528.353115518444],
 [3014.7372920798434,
  5267.953655793975,
  8912.56557661822,
  4821.3286112272535,
  2557.9342197567853,
  5276.975319325457,
  7711.080977869653],
 [984.2474871322484,
  3119.5503811086837,
  7009.036676997203,
  4110.549898887882,
  1276.4042847897445,
  2605.6110782740534],
  [3581.020949964067,
  2398.368769093106,
  1319.2801513514844,
  888.437723545542,
  2034.0618839896852,
  6189.354678106464],
 [3868.306562909375,
  6992.510961611501,
  10293.221795477659,
  13876.223683083332,
  2946.731420849719,
  1292.9512661809904],
 [5312.958835290872,
  4756.866185702681,
  3016.2881489704546,
  1582.2790208569681,
  1459.8264502544778,
  3035.6812349590105],
 [4554.406178320209,
  2654.459384820636,
  1826.2182018394283,
  1611.2817809563962,
  3440.369274766263,
  6155.769490294842],
 [7765.852938693562,
  6673.648357314466,
  4435.243711522998,
  2482.591836488846,
  1652.7288136217376,
  2317.028853544709],
  [3714.5824873671045,
  2179.021671682381,
  6968.752796504183,
  6664.569887516276,
  3808.907521821466,
  7635.199385179147],
 [3217.821132485297,
  6892.450074125956,
  4807.4534800245865,
  7423.560741418414,
  3118.0117489559466,
  3241.6059401350058],
 [2672.102598295992,
  3653.7452990560228,
  1709.1955832816386,
  3970.509628016574,
  5550.355522253223,
  6774.173654047812],
 [2313.8403958963663,
  2353.42964735186,
  2870.662786674473,
  526.9871123210218,
  2657.219911325082,
  2769.9443975217755],
  [7188.137777736008,
  4318.653088729297,
  4563.62398280375,
  1041.108697284928,
  650.7989100277657],
 [1917.9814623631064,
  6440.17235023861,
  8024.904293332918,
  4888.249725875102,
  3328.668284141905],
 [6797.488685001445,
  4807.4534800245865,
  4916.495896286443,
  8639.092097804596,
  7195.810373152938],
 [1229.102712404464,
  738.9088686841576,
  4622.709162495833,
  2654.220442414297,
  6210.6379541925735],
 [6031.197462756894,
  4753.673872318896,
  4077.402408566998,
  6854.072325807895,
  3525.461680819413],
 [421.42939323640746,
  4170.145049946666,
  6797.488685001445,
  1671.2734074106786,
  7279.553715655649],
 [3535.303430383695,
  5417.206394637458,
  5811.035613752026,
  1135.6024930226197,
  1849.2360380611558],
  [6158.733370155665,
  3034.444045226666,
  4278.0189236719525,
  4124.368658286663,
  3486.3653583325186],
 [7901.884297403438,
  6574.989529211526,
  3481.452618711429,
  1863.9963988201,
  1690.156911356157],
 [1928.9802469442038,
  5484.1277340569995,
  8920.353500478277,
  3410.3179173623184,
  4212.193144637601],
 [4097.759526447807,
  4028.5451382586934,
  3755.58409269789,
  6017.339553781565,
  7221.501760474178],
 [4099.370388087276,
  2883.4768163725344,
  1507.4420620562742,
  1625.6188241819484,
  2679.4885264617265],
 [8291.84747376465,
  4103.092473007313,
  3277.2916266853395,
  2371.7539926331165,
  1229.102712404464],
 [1526.1567502780604,
  103.34578180581713,
  2288.0611449202165,
  935.3982156829524,
  1983.201461705061],
  [1564.7297412939593,
  2033.071176414222,
  160.2139390932475,
  1768.7397691210226,
  6065.505239936514],
 [5510.9921705215875,
  5518.270799091213,
  4466.504367613144,
  4853.731410255278,
  6001.166787560696],
 [8238.216512985011,
  1598.483487846751,
  1934.2105724610888,
  3372.959204887178,
  3216.8906180076033],
 [10196.42318693062,
  6275.209755982849,
  9698.465227525934,
  6506.46398062235,
  6158.987535646907],
  [6742.39602815374,
  2214.375987146027,
  3862.12993865951,
  1852.8629779343476,
  7716.934401709271],
 [3296.2705447772773,
  5855.9163100154465,
  3850.07238975561,
  2673.8777607226043,
  3219.4487096844023],
  [7951.597542515002,
  7225.867065350881,
  1041.4979492509992,
  2564.193651143586,
  2454.0900892463587],
 [22499.84155523381,
  6095.545720032906,
  3946.3186631974622,
  4212.193144637601,
  3737.416987023344],
 [6116.842062288507,
  2769.510325577144,
  4350.039710248687,
  2630.90787542033,
  1050.0068372131482],
 [399.52032327258996,
  4485.298755888479,
  4738.653725483489,
  2576.0134051615087,
  6037.890185409437],
 [1132.3132632336021,
  1047.462476138384,
  3295.470825569274,
  5354.626080421473,
  4407.779969226687],
 [3541.3663744533,
  2494.1656554621986,
  5037.820179940576,
  6758.696039874148,
  6391.176288829102],
 [1376.634951260381,
  1407.064022047565,
  3380.0887280370102,
  7136.520162573226,
  1229.102712404464],
 [5015.816303590255,
  7635.199385179147,
  1317.8874620713655,
  6367.752284922246,
  5929.150845618211],
 [3973.7075562539144,
  3501.9482375789457,
  2408.9686552790336,
  2019.8442733827437,
  6752.270663240216]]


  total_after_street=[[25, 7, 65, 54, 75, 81, 103, 91, 64, 41],
 [94, 94, 107, 60, 55, 8, 16, 2],
 [20, 5, 11, 27, 22, 69, 34, 31],
 [39, 32, 54, 56, 40, 87, 105, 88],
 [91, 24, 78, 60, 86, 93, 96],
 [80, 90, 26, 43, 24, 5, 15],
 [2, 3, 7, 65, 59, 81, 78],
 [73, 64, 37, 18, 53, 48, 59],
 [40, 54, 101, 63, 38, 48, 81],
 [15, 32, 76, 47, 26, 16],
 [38, 24, 12, 9, 20, 76],
 [55, 71, 122, 143, 45, 20],
 [61, 51, 38, 17, 27, 28],
 [49, 36, 31, 14, 25, 55],
 [86, 64, 45, 25, 18, 26],
 [39, 16, 72, 69, 37, 84],
 [26, 71, 50, 91, 34, 36],
 [26, 51, 18, 45, 51, 73],
 [14, 19, 44, 4, 47, 37],
 [95, 50, 52, 14, 8],
 [27, 77, 87, 55, 27],
 [73, 50, 52, 106, 91],
 [8, 9, 59, 26, 67],
 [65, 57, 47, 70, 31],
 [7, 46, 73, 29, 84],
 [35, 51, 68, 12, 17],
 [63, 37, 49, 49, 31],
 [92, 71, 42, 21, 13],
 [16, 63, 106, 41, 42],
 [47, 43, 36, 63, 81],
 [46, 28, 22, 23, 46],
 [100, 44, 31, 24, 8],
 [11, 1, 16, 20, 16],
 [15, 25, 2, 16, 68],
 [65, 52, 46, 49, 66],
 [96, 19, 19, 31, 34],
 [117, 68, 104, 58, 67],
 [76, 22, 38, 21, 54],
 [43, 68, 50, 46, 39],
 [93, 98, 11, 17, 19],
 [236, 79, 50, 42, 52],
 [70, 35, 45, 26, 5],
 [4, 42, 55, 32, 69],
 [16, 16, 34, 52, 42],
 [45, 27, 55, 66, 68],
 [14, 28, 30, 78, 8],
 [43, 84, 12, 68, 52],
 [58, 44, 34, 21, 80]]