/Users/anujdimri/Random-Delay-and-Indirections/Exampleall_21apr150m_evening_rd11-20_05_innercity_realtimetest_up.txt

inner city 150m evening
17 users done


total_before_length=[[6022.759138453697,
  7493.121610785813,
  4838.86137100713,
  3634.026387193862,
  6379.124417408557,
  5652.685100543272],
 [20990.56304215893,
  9156.047909816762,
  4775.348168386153,
  1407.064022047565,
  996.201623222241,
  1161.0219662767215],
 [2186.7421076627993,
  4304.017976070074,
  14031.712072499746,
  4288.120490712277,
  3761.808545418683,
  2888.8866499718206],
 [13049.104170208628,
  13616.621501279296,
  11765.924533833137,
  8106.7608007625095,
  5658.607653544053,
  2667.5800085625997],
 [5371.3999287249435,
  7200.675700087117,
  4457.359931483217,
  1248.958295869449,
  2486.54852031218,
  2667.5800085625997],
 [3893.5062231423167,
  4541.831211105211,
  8335.256450593615,
  4516.493479008863,
  3366.0776951082976,
  7832.030276217611],
  [979.5791113303019,
  1472.2777847480531,
  8244.660757557214,
  6480.059206691159,
  7426.350505759683,
  6716.338863670634],
 [5807.414292608375,
  4821.3286112272535,
  4212.071192591219,
  7796.34675128853,
  4565.264954948801,
  7009.027414873526],
 [7568.884707177449,
  7814.137152518616,
  930.9138509400891,
  1317.8874620713655,
  720.9071748931906,
  3702.978916325459],
 [7190.284943205708,
  8116.905254402284,
  5031.0489717048595,
  2950.70364658241,
  2990.5872434180123,
  2298.0040499540078],
 [2751.510382396246,
  6124.801085667336,
  6217.860673551974,
  3059.8892110656293,
  2753.398417364695],
 [2354.1386068821134,
  5881.447989970641,
  2046.1962100628375,
  6092.792844594324,
  2430.9250898855935],
  [10904.13870968626,
  9328.51010203609,
  5658.6076535440525,
  4157.738060447362,
  720.9071748931906],
 [996.201623222241,
  6182.18373177596,
  4452.896547893017,
  2828.747737054844,
  2163.736335921634],
 [3068.6660395575354,
  5658.6076535440525,
  3226.0221130193695,
  5152.868013072813,
  6423.474775514304],
 [8915.073535430633,
  6588.82672721762,
  4345.929057466159,
  2680.1862665959848,
  6065.505239936514],
 [2545.33429578362, 
 3302.006091327618, 
 1548.646380732916, 
 3779.9302418935263]]


total_before_street=[[83, 93, 51, 36, 75, 78],
 [237, 97, 52, 28, 22, 14],
 [18, 48, 130, 49, 52, 39],
 [150, 153, 132, 96, 51, 28],
 [57, 75, 59, 26, 26, 28],
 [43, 55, 87, 48, 32, 83],
 [10, 15, 96, 90, 82, 83],
 [70, 63, 42, 81, 54, 84],
 [78, 87, 6, 12, 4, 33],
 [81, 91, 55, 37, 29, 16],
 [28, 63, 64, 33, 28],
 [18, 65, 22, 74, 24],
 [126, 109, 51, 43, 4],
 [22, 65, 35, 26, 18],
 [27, 51, 40, 54, 74],
 [98, 76, 45, 30, 68],
 [15, 34, 9, 25]]


total_after_length=[[6022.759138453697,
  7493.121610785813,
  4838.86137100713,
  1524.3833104252105,
  6379.124417408557,
  5652.685100543272],
 [20990.56304215893,
  9156.047909816762,
  4775.348168386153,
  1343.4119444646283,
  996.201623222241,
  1161.0219662767215],
 [2186.7421076627993,
  4011.1152314157284,
  5558.6405611809705,
  4288.120490712277,
  3702.5469223295895,
  2888.8866499718206],
 [10882.59192404396,
  13616.621501279296,
  11765.924533833137,
  8106.7608007625095,
  5658.607653544053,
  2667.5800085625997],
 [96.56642256513851,
  7200.675700087117,
  4457.359931483217,
  116.5544495986436,
  2486.54852031218,
  2667.5800085625997],
 [3817.508121199029,
  4541.831211105211,
  7491.322323056819,
  2283.121239795552,
  3366.0776951082976,
  7832.030276217611],
 [979.5791113303019,
  84.00775680291194,
  8080.477333491763,
  6480.059206691159,
  7426.350505759683,
  6716.338863670634],
  [5317.351503006692,
  4821.3286112272535,
  4212.071192591219,
  6848.958327805905,
  4565.264954948801,
  7009.027414873526],
 [6761.918800268051,
  1676.327351833361,
  930.9138509400891,
  1317.8874620713655,
  720.9071748931906,
  3702.978916325459],
 [6234.466227692794,
  8116.905254402284,
  2588.594498518716,
  1611.2817809563962,
  201.47001102255058,
  2298.0040499540078],
 [2751.510382396246,
  6124.801085667336,
  6217.860673551974,
  3059.8892110656293,
  2753.398417364695],
 [2354.1386068821134,
  3542.9685950903477,
  2046.1962100628375,
  6092.792844594324,
  2430.9250898855935],
 [10799.128698116132,
  9328.51010203609,
  1620.3257037989345,
  532.5068101544936,
  720.9071748931906],
 [996.201623222241,
  176.7365963262011,
  4225.846185134058,
  2828.747737054844,
  2163.736335921634],
 [3068.6660395575354,
  5552.206908618501,
  3226.0221130193695,
  5152.868013072813,
  6423.474775514304],
 [8915.073535430633,
  6588.82672721762,
  4345.929057466159,
  2680.1862665959848,
  6065.505239936514],
 [979.6543249017238, 
 301.5691289420091, 
 568.7383902105444, 
 3779.9302418935263]]


total_after_street=[[83, 93, 51, 15, 75, 78],
 [237, 97, 52, 27, 22, 14],
 [18, 44, 45, 49, 51, 39],
 [118, 153, 132, 96, 51, 28],
 [1, 75, 59, 3, 26, 28],
 [41, 55, 81, 23, 32, 83],
 [10, 1, 93, 90, 82, 83],
 [69, 63, 42, 72, 54, 84],
 [69, 19, 6, 12, 4, 33],
 [78, 91, 24, 14, 1, 16],
 [28, 63, 64, 33, 28],
 [18, 41, 22, 74, 24],
 [124, 109, 16, 5, 4],
 [22, 4, 34, 26, 18],
 [27, 49, 40, 54, 74],
 [98, 76, 45, 30, 68],
 [9, 4, 4, 25]]

