"/Users/anujdimri/Random-Delay-and-Indirections/Exampleall_10apr_rd11-20_05realtimetest_up.txt"

total_before_length 
[[3719.842432320014,
  3446.7649126082515,
  4106.098009881361,
  3677.239238584446,
  5034.454874476819,
  2856.7995801941643,
  5722.565762886175,
  4549.750867890812,
  5153.461965985452,
  9723.749819254856],
 [4298.698063889059,
  7183.736128575404,
  8475.918446264044,
  3296.2705447772773,
  4978.184775054095,
  5031.0489717048595,
  4692.4403091218555,
  1407.064022047565],
 [3852.4221476975904,
  4172.371103861491,
  2671.7764396712946,
  5196.044490133899,
  5722.565762886175,
  5402.788722086731,
  5389.923841312418],
 [1841.797654821933,
  8581.639987468749,
  8198.933937331141,
  5811.035613752026,
  7052.732730306979,
  6590.858688539211],
 [7420.505324413607,
  10027.041567251075,
  23393.943425222933,
  5547.167520326795,
  4272.764711447487,
  2338.966280729363],
 [4616.168290819232,
  4853.731410255278,
  3929.2610876738872,
  2654.2204424142974,
  8648.564571794624,
  6423.474775514304],
 [4272.764711447487,
  7063.8790623418245,
  6284.468088333186,
  5433.199885990426,
  8539.165818118847,
  4862.82158619329],
 [1973.6650528876678,
  14128.989051403909,
  5328.841229125711,
  5032.963632639843,
  4484.9064850026925,
  5402.788722086731],
 [11747.296994744613,
  15973.158108865315,
  9607.869002559697,
  3682.633869671835,
  4593.324613837324,
  2317.028853544709],
 [8309.77694312084,
  10793.863192962128,
  40793.15363387863,
  5175.9898547505645,
  5360.287150070689,
  7135.086001878654]]



total_before_street
[[36, 22, 39, 32, 61, 30, 69, 62, 62, 115],
 [52, 83, 83, 43, 63, 55, 59, 28],
 [35, 34, 27, 65, 69, 71, 67],
 [26, 99, 88, 68, 73, 68],
 [79, 118, 259, 50, 36, 38],
 [49, 49, 42, 26, 92, 74],
 [36, 75, 66, 59, 91, 47],
 [29, 154, 56, 53, 57, 71],
 [126, 169, 98, 48, 39, 26],
 [99, 119, 409, 58, 62, 95]]




total_after_length
[[2398.825282817683,
  1926.6010738381797,
  3875.437570998512,
  3280.8871214820338,
  4755.291744988422,
  2789.069760729662,
  5232.5029732844905,
  4549.750867890812,
  5153.461965985452,
  9723.749819254856],
 [3808.6352742873746,
  5539.604735167741,
  7799.7120429293245,
  1939.0891488595146,
  4978.184775054095,
  5031.0489717048595,
  3710.731557058348,
  1407.064022047565],
 [2714.048873563285,
  4172.371103861491,
  2671.7764396712946,
  4927.149769389388,
  5232.5029732844905,
  5402.788722086731,
  5389.923841312418],
 [1507.4420620562744,
  6392.953953981995,
  8198.933937331141,
  5811.035613752026,
  7052.732730306979,
  6590.858688539211],
 [6772.753359717306,
  10027.041567251075,
  8882.750185169542,
  1948.5626042698907,
  1631.4946426414592,
  2338.966280729363],
 [3549.9383592852405,
  4853.731410255278,
  3929.2610876738872,
  2654.2204424142974,
  8648.564571794624,
  6423.474775514304],
 [4272.764711447487,
  7063.8790623418245,
  6284.468088333186,
  5433.199885990426,
  8539.165818118847,
  4862.82158619329],
 [1011.3480911568906,
  13340.645084971291,
  2022.4461114580713,
  4890.128417708355,
  4484.9064850026925,
  5402.788722086731],
 [11747.296994744613,
  12768.55568683203,
  5199.1976129419645,
  3682.633869671835,
  4457.846605753074,
  2317.028853544709],
 [6464.147514708294,
  4874.896886418666,
  3282.592834962214,
  5175.9898547505645,
  5360.287150070689,
  7135.086001878654]]


  total_after_street
  [[17, 13, 37, 27, 60, 29, 68, 62, 62, 115],
 [51, 71, 78, 30, 63, 55, 52, 28],
 [25, 34, 27, 64, 68, 71, 67],
 [22, 79, 88, 68, 73, 68],
 [75, 118, 86, 20, 16, 38],
 [32, 49, 42, 26, 92, 74],
 [36, 75, 66, 59, 91, 47],
 [12, 147, 24, 51, 57, 71],
 [126, 132, 49, 48, 37, 26],
 [73, 52, 32, 58, 62, 95]]



