/Users/anujdimri/Random-Delay-and-Indirections/Exampleall_11apr_rd11-20_05_highwaybig2_realtimetest_up.txt

highway morning 150m
2 users done 
3 missing

total_before_length=[[3877.3731509856593,
  9231.086895418153,
  13579.258811944039,
  17125.885545410674,
  2702.4502114771753],
 [21099.119136463436,
  1462.5829948063047,
  2832.141487779277,
  30938.650847233315,
  1865.4818520487565]]

total_before_street=[[21, 110, 75, 140, 17], 
[217, 2, 14, 250, 16]]

total_after_length=[[3877.3731509856593,
  9231.086895418153,
  13579.258811944039,
  12822.57636739646,
  2702.4502114771753],
 [20005.698481095962,
  854.4939103386009,
  675.703188033146,
  3412.959883537566,
  1865.4818520487565]]

total_after_street=[[21, 110, 75, 97, 17], 
[204, 1, 7, 22, 16]]

